01/01/2012 00:00:00,311831,3,5,S,OR,,118,0,,,,,,,,,,,,,,,,,,,,,,,,,,,,,,,,,
01/01/2012 00:00:00,311832,3,5,S,FR,,118,100,246,,,,,,,,,246,,,,,,,,,,,,,,,,,,,,,,,
01/01/2012 00:00:00,311844,3,5,N,OR,,0,0,,,,,,,,,,,,,,,,,,,,,,,,,,,,,,,,,
01/01/2012 00:00:00,311845,3,5,N,FR,,0,0,,,,,,,,,,,,,,,,,,,,,,,,,,,,,,,,,
01/01/2012 00:00:00,311847,3,5,N,OR,,354,100,133,,,,,,,,,6,,,121,,,6,,,,,,,,,,,,,,,,,
01/01/2012 00:00:00,311864,3,5,N,FR,,118,100,18,,,,,,,,,18,,,,,,,,,,,,,,,,,,,,,,,
01/01/2012 00:00:00,311903,3,50,E,ML,.987,354,100,876,.0176,67.8,0,0,0,0,.2,.3,61,.0025,73.7,331,.0159,70.2,484,.0343,65.4,,,,,,,,,,,,,,,
01/01/2012 00:00:00,311930,3,50,E,FF,,354,100,1874,.0376,,,,,,,,493,.0278,,871,.054,,510,.031,,,,,,,,,,,,,,,,
01/01/2012 00:00:00,311973,3,50,E,OR,,236,100,469,,,,,,,,,291,,,178,,,,,,,,,,,,,,,,,,,,
01/01/2012 00:00:00,311974,3,50,E,ML,.471,590,100,2616,.0312,73.1,0,0,0,0,0,.2,101,.005,85,414,.0223,83.7,490,.0284,81.7,740,.0437,58.8,871,.0564,74,,,,,,,,,
